7
1
CTDL
1
2
2021-2022
2
40
0
10
N17DCPT002
12
0
N17DCPT017
7
0
N17DCPT051
8
0
N17DCPT018
0
1
N20DCDT006
5
0
N20DCDT008
7
0
N20DCDT024
6
0
N19DCPT006
7
0
N18DCNT020
3
0
N18DCNT018
2
0
2
KTNA
2
2
2021-2022
2
30
0
3
N20DCDT006
0
0
N20DCDT008
0
0
N19DCPT006
0
0
3
THCS1
3
1
2021-2022
1
40
0
7
N18DCNT001
0
0
N18DCNT009
0
0
N18DCNT020
0
0
N18DCNT004
0
0
N19DCPT025
0
0
N19DCPT030
0
0
N18DCNT018
0
0
4
TCC
2
1
2021-2022
5
40
0
5
N18DCNT001
0
0
N18DCNT009
0
0
N18DCNT020
0
0
N19DCPT030
0
0
N18DCNT018
0
0
5
THCS2
2
1
2021-2022
5
30
0
3
N18DCNT001
8
0
N18DCNT009
7
0
N18DCNT004
7
0
6
THCS1
1
1
2021-2022
5
40
0
0
7
CTDL
2
2
2021-2022
10
20
0
1
N18DCNT020
0
1
